20 20
1 1 1 1 1 1 1 1 1 1 1 1 1 1 1 1 1 1 1 1
1 1 1 1 1 1 1 1 1 1 1 1 1 1 1 1 1 1 1 1
1 1 0 0 0 0 0 0 0 1 1 0 0 0 0 0 0 0 1 1
1 1 0 0 0 0 0 0 0 1 1 0 0 T T T 0 0 1 1
1 1 0 0 0 P 0 0 0 1 1 0 0 T T T 0 0 1 1
1 1 0 0 0 0 0 0 0 1 1 0 0 T T T 0 0 1 1
1 1 0 0 0 0 0 0 0 1 1 0 0 0 0 0 0 0 1 1
1 1 0 0 1 B 1 0 0 1 1 1 1 0 0 0 1 1 1 1
1 1 0 0 0 0 0 0 0 1 1 0 0 0 0 0 0 0 1 1
1 1 0 0 0 0 0 0 0 1 1 0 0 0 0 0 0 0 1 1
1 1 0 0 0 0 0 0 0 $ $ 0 0 0 0 0 0 0 1 1
1 1 0 0 0 0 0 0 0 0 0 0 0 0 0 0 0 0 1 1
1 1 0 0 0 0 0 0 0 0 0 0 0 0 0 0 0 0 1 1
1 1 0 0 0 0 0 0 0 0 0 0 0 0 0 0 0 0 1 1
1 1 0 0 0 0 0 0 0 1 1 0 0 0 0 0 0 0 1 1
1 1 0 0 0 0 0 0 0 S S 0 0 0 0 0 0 0 1 1
1 1 0 0 0 0 0 0 0 S S 0 0 0 0 0 0 0 1 1
1 1 0 0 0 0 0 0 0 S S 0 0 0 0 0 0 0 1 1
1 1 1 1 1 1 1 1 1 1 1 1 1 1 1 1 1 1 1 1
1 1 1 1 1 1 1 1 1 1 1 1 1 1 1 1 1 1 1 1