16 16
1 1 1 1 1 1 1 1 1 1 1 1 1 1 1 1
1 1 1 1 1 1 1 1 1 1 1 1 1 1 1 1
1 1 0 0 0 0 0 0 0 0 0 B 0 0 1 1
1 1 0 0 0 0 0 0 0 0 0 B 0 0 1 1
1 1 0 0 0 0 0 0 0 0 0 1 $ $ 1 1
1 1 $ $ 1 1 1 1 1 0 0 1 $ $ 1 1
1 1 $ 0 1 0 0 H H 0 0 1 $ $ 1 1
1 1 0 $ 1 0 0 0 0 0 0 1 $ $ 1 1
1 1 $ 0 1 0 0 0 0 0 0 1 $ $ 1 1
1 1 0 $ 1 1 0 0 P 0 0 1 $ $ 1 1
1 1 $ 0 S 1 1 0 0 0 0 1 $ $ 1 1
1 1 $ $ S S 1 1 1 1 1 1 $ $ 1 1
1 1 S S S S S S S S S S T T 1 1
1 1 S S S S S S S S S S T T 1 1
1 1 1 1 1 1 1 1 1 1 1 1 1 1 1 1
1 1 1 1 1 1 1 1 1 1 1 1 1 1 1 1