20 20
1 1 1 1 1 1 1 1 1 1 1 1 1 1 1 1 1 1 1 1
1 1 1 1 1 1 1 1 1 1 1 1 1 1 1 1 1 1 1 1
1 1 0 0 0 0 0 0 0 0 $ $ $ 0 0 H H H 1 1
1 1 0 P 0 0 0 0 0 0 0 $ 0 0 0 0 H H 1 1
1 1 0 0 0 0 0 0 0 0 0 0 0 0 0 0 0 H 1 1
1 1 0 0 0 0 0 0 0 0 0 0 0 0 0 0 0 H 1 1
1 1 0 0 0 0 0 0 0 0 0 0 0 0 0 0 0 0 1 1
1 1 0 0 0 0 0 0 0 0 $ 1 0 0 0 0 0 0 1 1
1 1 0 0 0 0 0 0 0 0 0 0 1 0 0 0 0 0 1 1
1 1 0 0 0 0 $ 0 0 0 0 0 0 0 0 0 0 0 1 1
1 1 $ 0 0 0 $ $ 0 0 0 0 0 1 0 0 0 0 1 1
1 1 $ 0 0 0 1 1 0 0 0 0 0 1 0 0 0 0 1 1
1 1 $ 0 0 0 0 0 1 0 0 0 0 0 0 0 0 0 1 1
1 1 0 0 0 0 0 0 0 0 1 1 0 H 0 0 0 0 1 1
1 1 0 0 0 0 0 0 0 0 0 0 0 0 1 0 0 0 1 1
1 1 0 0 0 0 0 $ $ 0 0 0 0 0 0 $ 0 0 1 1
1 1 H 0 0 0 0 $ $ 0 0 0 0 0 0 0 T T 1 1
1 1 H H 0 0 0 0 0 0 0 0 0 0 0 0 T T 1 1
1 1 1 1 1 1 1 1 1 1 1 1 1 1 1 1 1 1 1 1
1 1 1 1 1 1 1 1 1 1 1 1 1 1 1 1 1 1 1 1