15 16
1 1 1 1 1 1 1 1 1 1 1 1 1 1 1
1 1 1 1 1 1 1 1 1 1 1 1 1 1 1 
1 1 0 0 1 0 0 P 0 0 1 0 0 1 1 
1 1 0 0 1 0 0 0 0 0 1 0 0 1 1 
1 1 0 0 1 B B S S S 1 0 0 1 1 
1 1 0 0 1 B B S S S 1 0 0 1 1 
1 1 0 0 1 B B B S S 1 0 0 1 1 
1 1 0 0 1 S B B B S 1 0 0 1 1 
1 1 0 0 1 S S B B B 1 0 0 1 1 
1 1 0 0 1 S S S B B 1 0 0 1 1 
1 1 0 0 1 S S S B B 1 0 0 1 1 
1 1 0 0 1 S S S B B 1 0 0 1 1 
1 1 0 0 1 T T T T T 1 0 0 1 1 
1 1 0 0 1 T T T T T 1 0 0 1 1 
1 1 1 1 1 1 1 1 1 1 1 1 1 1 1 
1 1 1 1 1 1 1 1 1 1 1 1 1 1 1 