16 16
1 1 1 1 1 1 1 1 1 1 1 1 1 1 1 1
1 1 1 1 1 1 1 1 1 1 1 1 1 1 1 1
1 1 T T T T 0 H H 0 0 0 0 0 1 1
1 1 T T T T 0 H H 0 0 0 P 0 1 1
1 1 T T T T 0 H H 0 0 0 0 0 1 1
1 1 0 0 0 0 1 1 0 0 0 0 0 0 1 1
1 1 0 0 0 0 1 1 0 0 0 0 0 0 1 1
1 1 0 0 0 0 1 B B 0 0 0 0 0 1 1
1 1 0 0 0 0 B B B 0 0 0 0 0 1 1
1 1 0 0 0 0 B B 0 0 0 0 0 0 1 1
1 1 0 0 0 0 0 0 0 0 0 0 H H 1 1
1 1 0 0 0 0 0 0 0 0 0 0 H H 1 1
1 1 0 0 0 0 0 0 0 0 0 0 0 0 1 1
1 1 0 0 0 H 1 1 H H 0 0 0 0 1 1
1 1 1 1 1 1 1 1 1 1 1 1 1 1 1 1
1 1 1 1 1 1 1 1 1 1 1 1 1 1 1 1