16 16
1 1 1 1 1 1 1 1 1 1 1 1 1 1 1 1
1 1 1 1 1 1 1 1 1 1 1 1 1 1 1 1
1 1 T T T T 0 0 0 0 0 0 0 0 1 1
1 1 T T T T 0 0 0 0 0 $ $ 0 1 1
1 1 T T T T 0 0 0 0 0 $ $ 0 1 1
1 1 H 0 0 0 1 1 1 1 0 $ $ 0 1 1
1 1 0 0 0 0 0 0 0 0 0 $ $ 0 1 1
1 1 0 0 0 0 0 $ $ $ $ $ $ 0 1 1
1 1 0 0 0 0 0 $ $ $ $ $ $ 0 1 1
1 1 0 0 0 0 0 0 0 0 0 0 0 0 1 1
1 1 0 0 0 0 0 0 1 1 1 1 1 1 1 1
1 1 0 $ $ $ 0 0 0 0 0 0 P H 1 1
1 1 0 $ $ $ 0 0 0 0 0 0 0 H 1 1
1 1 0 0 0 0 0 0 0 0 0 0 0 H 1 1
1 1 1 1 1 1 1 1 1 1 1 1 1 1 1 1
1 1 1 1 1 1 1 1 1 1 1 1 1 1 1 1